Generation: 1
F:322.53737373737374;W:[-0.6772527136894502, 0.24432395305496257, -0.5823178704768321, 0.2780140105269937, -0.32203323852632126];B[0.7492396913809151, -0.2685760481926346, -0.10149117344323477, -0.01488248784375501, -0.32003452394963006]
F:12.623030303030303;W:[-0.1814136304335071, -0.713950717299241, -0.5210888334330627, -0.7271553290509922, -0.035781174543875416];B[0.16879033562878099, 0.5904072833397506, 0.7726339772114488, 0.9414420995766749, -0.2665252908926886]

Generation: 2
F:225.9361616161616;W:[-0.393458684433037, 0.24432395305496257, -0.1814136304335071, -0.5210888334330627, -0.7271553290509922];B[-0.32003452394963006, -0.2685760481926346, 0.16879033562878099, 0.7726339772114488, 1.0246285864113072]
F:29.305050505050506;W:[-0.5823178704768321, 0.2780140105269937, -0.1814136304335071, -0.713950717299241, -0.035781174543875416];B[-0.10149117344323477, -0.01488248784375501, 0.16879033562878099, 0.5904072833397506, -0.2665252908926886]

Generation: 1
F:202.84848484848484;W:[-0.7633461390096808, 0.4015917577251902, 0.25021601119533743, -0.17735916723811962, 0.9904753641905617];B[0.9987833776028583, -0.7540074461754592, 0.8833602822790187, -0.8235103641744905, -0.501847897193459]
F:1.7915151515151504;W:[-0.7889980710888717, 0.755223797432435, 0.8745223030272444, 0.7612169181080817, 0.4217969292180618];B[0.4885377311798593, 0.284331403042436, -0.47046402152170863, 0.6814101274935503, -0.06116355725242506]

Generation: 2
F:69.71151515151514;W:[-0.7633461390096808, 0.4015917577251902, 0.25021601119533743, -0.17735916723811962, 0.9904753641905617];B[0.9987833776028583, -0.7540074461754592, 0.8833602822790187, -0.8235103641744905, -0.501847897193459]
F:69.71151515151514;W:[-0.7633461390096808, 0.4015917577251902, 0.25021601119533743, -0.17735916723811962, 0.9904753641905617];B[0.9987833776028583, -0.7540074461754592, 0.8833602822790187, -0.8235103641744905, -0.501847897193459]

Generation: 3
F:56.48888888888889;W:[0.9904753641905617, -0.7633461390096808, 0.4015917577251902, 0.25021601119533743, -0.17735916723811962];B[-0.501847897193459, 0.9987833776028583, -0.7540074461754592, 0.8833602822790187, -0.7516109732514915]
F:4.795151515151516;W:[-0.7633461390096808, 0.4015917577251902, 0.25021601119533743, -0.17735916723811962, 0.9904753641905617];B[0.9987833776028583, -0.7540074461754592, 0.8833602822790187, -0.8235103641744905, -0.501847897193459]

Generation: 4
F:353.9935353535354;W:[-0.7633461390096808, 0.25021601119533743, -0.7633461390096808, 0.25021601119533743, -0.17735916723811962];B[0.9987833776028583, 0.8833602822790187, 1.0631946888965547, 0.7938790285700899, -0.7532829421927936]
F:3.2323232323232314;W:[0.9904753641905617, -0.7633461390096808, 0.4015917577251902, 0.25021601119533743, -0.17735916723811962];B[-0.501847897193459, 0.9987833776028583, -0.7540074461754592, 0.8833602822790187, -0.7516109732514915]

Generation: 5
F:65.87151515151515;W:[0.25021601119533743, -0.7633461390096808, 0.9904753641905617, -0.7633461390096808, -0.17735916723811962];B[0.7938790285700899, 1.0631946888965547, -0.501847897193459, 0.9987833776028583, -0.7516109732514915]
F:4.130909090909089;W:[-0.7633461390096808, 0.25021601119533743, -0.7633461390096808, 0.25021601119533743, -0.17735916723811962];B[0.9987833776028583, 0.8833602822790187, 1.0631946888965547, 0.7938790285700899, -0.7532829421927936]

Generation: 1
F:9.788282828282831;W:[-0.25362367828073606, 0.6042577338182743, 0.15304224799518673, -0.21542807584519896, -0.7549031095808528];B[0.31518245111127985, -0.9307088653408837, -0.8931539413533135, -0.21117409194717662, -0.9183659269942079]
F:0.7369696969696966;W:[0.9345640073448772, -0.7167617292111108, 0.7715294715716848, -0.21937904368051386, -0.8474015305702337];B[-0.08981232500922331, 0.9303716599480686, -0.1791124023895252, 0.7376721758812685, 0.10284505705342961]

Generation: 1
F:1.735757575757576;W:[0.6331997307542794, 0.9389724667267094, -0.8357399063231536, -0.8228630822776292, -0.764166036039645];B[-0.2445652557749476, -0.2751673698239284, -0.11091567880571196, -0.18212474567427472, -0.7402578889889051]
F:1.3179797979797983;W:[0.8226282560571598, 0.7650799682238498, -0.7630747540840532, 0.8460791179102508, -0.05527328495237682];B[-0.43037208977470764, -0.6047462881739591, 0.372749973927177, -0.023872712717894706, 0.025131189090161654]

Generation: 2
F:2.5454545454545463;W:[-0.8228630822776292, -0.8357399063231536, 0.8226282560571598, 0.7650799682238498, -0.07083585502225173];B[-0.1458300387769459, -0.07277179345582585, -0.43037208977470764, -0.6047462881739591, 0.025131189090161654]
F:1.9862626262626275;W:[0.8226282560571598, 0.7650799682238498, -0.7630747540840532, 0.8460791179102508, -0.05527328495237682];B[-0.43037208977470764, -0.6047462881739591, 0.372749973927177, -0.023872712717894706, 0.025131189090161654]

Generation: 3
F:522.089696969697;W:[-0.07083585502225173, 0.8226282560571598, 0.7650799682238498, -0.6756624816866035, 0.8460791179102508];B[0.025131189090161654, -0.4677033648274555, -0.6047462881739591, 0.36901228288462745, -0.023872712717894706]
F:118.34181818181818;W:[-0.07083585502225173, 0.8226282560571598, 0.7650799682238498, -0.7630747540840532, 0.8460791179102508];B[0.07336477951362075, -0.43037208977470764, -0.6047462881739591, 0.372749973927177, -0.023872712717894706]

