[0, 0, 1, 0, 0]
[0, 0, 1, 0, 1]
[0, 0, 1, 0, 2]
[0, 0, 1, 1, 0]
[0, 0, 1, 1, 1]
[0, 0, 1, 1, 2]
[0, 0, 1, 2, 0]
[0, 0, 1, 2, 1]
[0, 0, 1, 2, 2]
[0, 0, 2, 0, 0]
[0, 0, 2, 0, 1]
[0, 0, 2, 0, 2]
[0, 0, 2, 1, 0]
[0, 0, 2, 1, 1]
[0, 0, 2, 1, 2]
[0, 0, 2, 2, 0]
[0, 0, 2, 2, 1]
[0, 0, 2, 2, 2]
[0, 1, 0, 0, 0]
[0, 1, 0, 0, 1]
[0, 1, 0, 0, 2]
[0, 1, 0, 1, 0]
[0, 1, 0, 1, 1]
[0, 1, 0, 1, 2]
[0, 1, 0, 2, 0]
[0, 1, 0, 2, 1]
[0, 1, 0, 2, 2]
[0, 1, 1, 0, 0]
[0, 1, 1, 0, 1]
[0, 1, 1, 0, 2]
[0, 1, 1, 1, 0]
[0, 1, 1, 1, 1]
[0, 1, 1, 1, 2]
[0, 1, 1, 2, 0]
[0, 1, 1, 2, 1]
[0, 1, 1, 2, 2]
[0, 1, 2, 0, 0]
[0, 1, 2, 0, 1]
[0, 1, 2, 0, 2]
[0, 1, 2, 1, 0]
[0, 1, 2, 1, 1]
[0, 1, 2, 1, 2]
[0, 1, 2, 2, 0]
[0, 1, 2, 2, 1]
[0, 1, 2, 2, 2]
[0, 2, 0, 0, 0]
[0, 2, 0, 0, 1]
[0, 2, 0, 0, 2]
[0, 2, 0, 1, 0]
[0, 2, 0, 1, 1]
[0, 2, 0, 1, 2]
[0, 2, 0, 2, 0]
[0, 2, 0, 2, 1]
[0, 2, 0, 2, 2]
[0, 2, 1, 0, 0]
[0, 2, 1, 0, 1]
[0, 2, 1, 0, 2]
[0, 2, 1, 1, 0]
[0, 2, 1, 1, 1]
[0, 2, 1, 1, 2]
[0, 2, 1, 2, 0]
[0, 2, 1, 2, 1]
[0, 2, 1, 2, 2]
[0, 2, 2, 0, 0]
[0, 2, 2, 0, 1]
[0, 2, 2, 0, 2]
[0, 2, 2, 1, 0]
[0, 2, 2, 1, 1]
[0, 2, 2, 1, 2]
[0, 2, 2, 2, 0]
[0, 2, 2, 2, 1]
[0, 2, 2, 2, 2]
[1, 0, 0, 0, 0]
[1, 0, 0, 0, 1]
[1, 0, 0, 0, 2]
[1, 0, 0, 1, 0]
[1, 0, 0, 1, 1]
[1, 0, 0, 1, 2]
[1, 0, 0, 2, 0]
[1, 0, 0, 2, 1]
[1, 0, 0, 2, 2]
[1, 0, 1, 0, 0]
[1, 0, 1, 0, 1]
[1, 0, 1, 0, 2]
[1, 0, 1, 1, 0]
[1, 0, 1, 1, 1]
[1, 0, 1, 1, 2]
[1, 0, 1, 2, 0]
[1, 0, 1, 2, 1]
[1, 0, 1, 2, 2]
[1, 0, 2, 0, 0]
[1, 0, 2, 0, 1]
[1, 0, 2, 0, 2]
[1, 0, 2, 1, 0]
[1, 0, 2, 1, 1]
[1, 0, 2, 1, 2]
[1, 0, 2, 2, 0]
[1, 0, 2, 2, 1]
[1, 0, 2, 2, 2]
[1, 1, 0, 0, 0]
[1, 1, 0, 0, 1]
[1, 1, 0, 0, 2]
[1, 1, 0, 1, 0]
[1, 1, 0, 1, 1]
[1, 1, 0, 1, 2]
[1, 1, 0, 2, 0]
[1, 1, 0, 2, 1]
[1, 1, 0, 2, 2]
[1, 1, 1, 0, 0]
[1, 1, 1, 0, 1]
[1, 1, 1, 0, 2]
[1, 1, 1, 1, 0]
[1, 1, 1, 1, 1]
[1, 1, 1, 1, 2]
[1, 1, 1, 2, 0]
[1, 1, 1, 2, 1]
[1, 1, 1, 2, 2]
[1, 1, 2, 0, 0]
[1, 1, 2, 0, 1]
[1, 1, 2, 0, 2]
[1, 1, 2, 1, 0]
[1, 1, 2, 1, 1]
[1, 1, 2, 1, 2]
[1, 1, 2, 2, 0]
[1, 1, 2, 2, 1]
[1, 1, 2, 2, 2]
[1, 2, 0, 0, 0]
[1, 2, 0, 0, 1]
[1, 2, 0, 0, 2]
[1, 2, 0, 1, 0]
[1, 2, 0, 1, 1]
[1, 2, 0, 1, 2]
[1, 2, 0, 2, 0]
[1, 2, 0, 2, 1]
[1, 2, 0, 2, 2]
[1, 2, 1, 0, 0]
[1, 2, 1, 0, 1]
[1, 2, 1, 0, 2]
[1, 2, 1, 1, 0]
[1, 2, 1, 1, 1]
[1, 2, 1, 1, 2]
[1, 2, 1, 2, 0]
[1, 2, 1, 2, 1]
[1, 2, 1, 2, 2]
[1, 2, 2, 0, 0]
[1, 2, 2, 0, 1]
[1, 2, 2, 0, 2]
[1, 2, 2, 1, 0]
[1, 2, 2, 1, 1]
[1, 2, 2, 1, 2]
[1, 2, 2, 2, 0]
[1, 2, 2, 2, 1]
[1, 2, 2, 2, 2]






0000000000000000000000000000000000000000000

1111111111111111111111111111111111111111111
[2, 0, 1, 0, 1]

------------------------------------------1
[2, 1, 1, 2, 1]
[2, 1, 0, 0, 1]
[2, 1, 0, 0, 2]
[2, 1, 0, 1, 0]
[2, 1, 0, 1, 1]
[2, 1, 0, 1, 2]
[2, 1, 0, 2, 0]
[2, 1, 0, 2, 1]
[2, 1, 0, 2, 2]
[2, 1, 1, 0, 0]
[2, 1, 1, 0, 1]
[2, 1, 1, 0, 2]
[2, 1, 1, 1, 0]
[2, 1, 1, 1, 1]
[2, 1, 1, 1, 2]
[2, 1, 1, 2, 0]
[2, 0, 0, 0, 0]
[2, 0, 0, 0, 1]
[2, 0, 0, 0, 2]
[2, 0, 0, 1, 0]
[2, 0, 0, 1, 1]
[2, 0, 0, 1, 2]
[2, 0, 0, 2, 0]
[2, 0, 0, 2, 1]
[2, 0, 0, 2, 2]
[2, 0, 1, 1, 0]
[2, 0, 1, 1, 1]
[2, 0, 1, 1, 2]
[2, 0, 1, 2, 0]
[2, 0, 1, 2, 1]